Last login: Mon Jun 24 11:52:09 on ttys000

The default interactive shell is now zsh.
To update your account to use zsh, please run `chsh -s /bin/zsh`.
For more details, please visit https://support.apple.com/kb/HT208050.
C02G9689MD6M:~ thoufik.m$ cd documents
C02G9689MD6M:documents thoufik.m$ python3 tensor.py
2024-06-24 11:52:42.164682: I tensorflow/core/platform/cpu_feature_guard.cc:210] This TensorFlow binary is optimized to use available CPU instructions in performance-critical operations.
To enable the following instructions: AVX2 FMA, in other operations, rebuild TensorFlow with the appropriate compiler flags.
/Users/thoufik.m/Library/Python/3.9/lib/python/site-packages/urllib3/__init__.py:35: NotOpenSSLWarning: urllib3 v2 only supports OpenSSL 1.1.1+, currently the 'ssl' module is compiled with 'LibreSSL 2.8.3'. See: https://github.com/urllib3/urllib3/issues/3020
  warnings.warn(
60000
10000
AxesImage(shape=(28, 28))
[[  0   0   0   0   0   0   0   0   0   0   0   0   0   0   0   0   0   0
    0   0   0   0   0   0   0   0   0   0]
 [  0   0   0   0   0   0   0   0   0   0   0   0   0   0   0   0   0   0
    0   0   0   0   0   0   0   0   0   0]
 [  0   0   0   0   0   0   0   0   0   0   0   0   0   0   0   0   0   0
    0   0   0   0   0   0   0   0   0   0]
 [  0   0   0   0   0   0   0   0   0   0   0   0   0   0   0   0   0   0
    0   0   0   0   0   0   0   0   0   0]
 [  0   0   0   0   0   0   0   0   0   0   0   0   0   0   0   0   0   0
    0   0   0   0   0   0   0   0   0   0]
 [  0   0   0   0   0   0   0   0   0   0   0   0   3  18  18  18 126 136
  175  26 166 255 247 127   0   0   0   0]
 [  0   0   0   0   0   0   0   0  30  36  94 154 170 253 253 253 253 253
  225 172 253 242 195  64   0   0   0   0]
 [  0   0   0   0   0   0   0  49 238 253 253 253 253 253 253 253 253 251
   93  82  82  56  39   0   0   0   0   0]
 [  0   0   0   0   0   0   0  18 219 253 253 253 253 253 198 182 247 241
    0   0   0   0   0   0   0   0   0   0]
 [  0   0   0   0   0   0   0   0  80 156 107 253 253 205  11   0  43 154
    0   0   0   0   0   0   0   0   0   0]
 [  0   0   0   0   0   0   0   0   0  14   1 154 253  90   0   0   0   0
    0   0   0   0   0   0   0   0   0   0]
 [  0   0   0   0   0   0   0   0   0   0   0 139 253 190   2   0   0   0
    0   0   0   0   0   0   0   0   0   0]
 [  0   0   0   0   0   0   0   0   0   0   0  11 190 253  70   0   0   0
    0   0   0   0   0   0   0   0   0   0]
 [  0   0   0   0   0   0   0   0   0   0   0   0  35 241 225 160 108   1
    0   0   0   0   0   0   0   0   0   0]
 [  0   0   0   0   0   0   0   0   0   0   0   0   0  81 240 253 253 119
   25   0   0   0   0   0   0   0   0   0]
 [  0   0   0   0   0   0   0   0   0   0   0   0   0   0  45 186 253 253
  150  27   0   0   0   0   0   0   0   0]
 [  0   0   0   0   0   0   0   0   0   0   0   0   0   0   0  16  93 252
  253 187   0   0   0   0   0   0   0   0]
 [  0   0   0   0   0   0   0   0   0   0   0   0   0   0   0   0   0 249
  253 249  64   0   0   0   0   0   0   0]
 [  0   0   0   0   0   0   0   0   0   0   0   0   0   0  46 130 183 253
  253 207   2   0   0   0   0   0   0   0]
 [  0   0   0   0   0   0   0   0   0   0   0   0  39 148 229 253 253 253
  250 182   0   0   0   0   0   0   0   0]
 [  0   0   0   0   0   0   0   0   0   0  24 114 221 253 253 253 253 201
   78   0   0   0   0   0   0   0   0   0]
 [  0   0   0   0   0   0   0   0  23  66 213 253 253 253 253 198  81   2
    0   0   0   0   0   0   0   0   0   0]
 [  0   0   0   0   0   0  18 171 219 253 253 253 253 195  80   9   0   0
    0   0   0   0   0   0   0   0   0   0]
 [  0   0   0   0  55 172 226 253 253 253 253 244 133  11   0   0   0   0
    0   0   0   0   0   0   0   0   0   0]
 [  0   0   0   0 136 253 253 253 212 135 132  16   0   0   0   0   0   0
    0   0   0   0   0   0   0   0   0   0]
 [  0   0   0   0   0   0   0   0   0   0   0   0   0   0   0   0   0   0
    0   0   0   0   0   0   0   0   0   0]
 [  0   0   0   0   0   0   0   0   0   0   0   0   0   0   0   0   0   0
    0   0   0   0   0   0   0   0   0   0]
 [  0   0   0   0   0   0   0   0   0   0   0   0   0   0   0   0   0   0
    0   0   0   0   0   0   0   0   0   0]]
5
(60000, 28, 28)
(60000, 784)
[0.         0.         0.         0.         0.         0.
 0.         0.         0.         0.         0.         0.
 0.         0.         0.         0.         0.         0.
 0.         0.         0.         0.         0.         0.
 0.         0.         0.         0.         0.         0.
 0.         0.         0.         0.         0.         0.
 0.         0.         0.         0.         0.         0.
 0.         0.         0.         0.         0.         0.
 0.         0.         0.         0.         0.         0.
 0.         0.         0.         0.         0.         0.
 0.         0.         0.         0.         0.         0.
 0.         0.         0.         0.         0.         0.
 0.         0.         0.         0.         0.         0.
 0.         0.         0.         0.         0.         0.
 0.         0.         0.         0.         0.         0.
 0.         0.         0.         0.         0.         0.
 0.         0.         0.         0.         0.         0.
 0.         0.         0.         0.         0.         0.
 0.         0.         0.         0.         0.         0.
 0.         0.         0.         0.         0.         0.
 0.         0.         0.         0.         0.         0.
 0.         0.         0.         0.         0.         0.
 0.         0.         0.         0.         0.         0.
 0.         0.         0.         0.         0.         0.
 0.         0.         0.         0.         0.         0.
 0.         0.         0.01176471 0.07058824 0.07058824 0.07058824
 0.49411765 0.53333333 0.68627451 0.10196078 0.65098039 1.
 0.96862745 0.49803922 0.         0.         0.         0.
 0.         0.         0.         0.         0.         0.
 0.         0.         0.11764706 0.14117647 0.36862745 0.60392157
 0.66666667 0.99215686 0.99215686 0.99215686 0.99215686 0.99215686
 0.88235294 0.6745098  0.99215686 0.94901961 0.76470588 0.25098039
 0.         0.         0.         0.         0.         0.
 0.         0.         0.         0.         0.         0.19215686
 0.93333333 0.99215686 0.99215686 0.99215686 0.99215686 0.99215686
 0.99215686 0.99215686 0.99215686 0.98431373 0.36470588 0.32156863
 0.32156863 0.21960784 0.15294118 0.         0.         0.
 0.         0.         0.         0.         0.         0.
 0.         0.         0.         0.07058824 0.85882353 0.99215686
 0.99215686 0.99215686 0.99215686 0.99215686 0.77647059 0.71372549
 0.96862745 0.94509804 0.         0.         0.         0.
 0.         0.         0.         0.         0.         0.
 0.         0.         0.         0.         0.         0.
 0.         0.         0.31372549 0.61176471 0.41960784 0.99215686
 0.99215686 0.80392157 0.04313725 0.         0.16862745 0.60392157
 0.         0.         0.         0.         0.         0.
 0.         0.         0.         0.         0.         0.
 0.         0.         0.         0.         0.         0.
 0.         0.05490196 0.00392157 0.60392157 0.99215686 0.35294118
 0.         0.         0.         0.         0.         0.
 0.         0.         0.         0.         0.         0.
 0.         0.         0.         0.         0.         0.
 0.         0.         0.         0.         0.         0.
 0.         0.54509804 0.99215686 0.74509804 0.00784314 0.
 0.         0.         0.         0.         0.         0.
 0.         0.         0.         0.         0.         0.
 0.         0.         0.         0.         0.         0.
 0.         0.         0.         0.         0.         0.04313725
 0.74509804 0.99215686 0.2745098  0.         0.         0.
 0.         0.         0.         0.         0.         0.
 0.         0.         0.         0.         0.         0.
 0.         0.         0.         0.         0.         0.
 0.         0.         0.         0.         0.1372549  0.94509804
 0.88235294 0.62745098 0.42352941 0.00392157 0.         0.
 0.         0.         0.         0.         0.         0.
 0.         0.         0.         0.         0.         0.
 0.         0.         0.         0.         0.         0.
 0.         0.         0.         0.31764706 0.94117647 0.99215686
 0.99215686 0.46666667 0.09803922 0.         0.         0.
 0.         0.         0.         0.         0.         0.
 0.         0.         0.         0.         0.         0.
 0.         0.         0.         0.         0.         0.
 0.         0.         0.17647059 0.72941176 0.99215686 0.99215686
 0.58823529 0.10588235 0.         0.         0.         0.
 0.         0.         0.         0.         0.         0.
 0.         0.         0.         0.         0.         0.
 0.         0.         0.         0.         0.         0.
 0.         0.0627451  0.36470588 0.98823529 0.99215686 0.73333333
 0.         0.         0.         0.         0.         0.
 0.         0.         0.         0.         0.         0.
 0.         0.         0.         0.         0.         0.
 0.         0.         0.         0.         0.         0.
 0.         0.97647059 0.99215686 0.97647059 0.25098039 0.
 0.         0.         0.         0.         0.         0.
 0.         0.         0.         0.         0.         0.
 0.         0.         0.         0.         0.         0.
 0.         0.         0.18039216 0.50980392 0.71764706 0.99215686
 0.99215686 0.81176471 0.00784314 0.         0.         0.
 0.         0.         0.         0.         0.         0.
 0.         0.         0.         0.         0.         0.
 0.         0.         0.         0.         0.15294118 0.58039216
 0.89803922 0.99215686 0.99215686 0.99215686 0.98039216 0.71372549
 0.         0.         0.         0.         0.         0.
 0.         0.         0.         0.         0.         0.
 0.         0.         0.         0.         0.         0.
 0.09411765 0.44705882 0.86666667 0.99215686 0.99215686 0.99215686
 0.99215686 0.78823529 0.30588235 0.         0.         0.
 0.         0.         0.         0.         0.         0.
 0.         0.         0.         0.         0.         0.
 0.         0.         0.09019608 0.25882353 0.83529412 0.99215686
 0.99215686 0.99215686 0.99215686 0.77647059 0.31764706 0.00784314
 0.         0.         0.         0.         0.         0.
 0.         0.         0.         0.         0.         0.
 0.         0.         0.         0.         0.07058824 0.67058824
 0.85882353 0.99215686 0.99215686 0.99215686 0.99215686 0.76470588
 0.31372549 0.03529412 0.         0.         0.         0.
 0.         0.         0.         0.         0.         0.
 0.         0.         0.         0.         0.         0.
 0.21568627 0.6745098  0.88627451 0.99215686 0.99215686 0.99215686
 0.99215686 0.95686275 0.52156863 0.04313725 0.         0.
 0.         0.         0.         0.         0.         0.
 0.         0.         0.         0.         0.         0.
 0.         0.         0.         0.         0.53333333 0.99215686
 0.99215686 0.99215686 0.83137255 0.52941176 0.51764706 0.0627451
 0.         0.         0.         0.         0.         0.
 0.         0.         0.         0.         0.         0.
 0.         0.         0.         0.         0.         0.
 0.         0.         0.         0.         0.         0.
 0.         0.         0.         0.         0.         0.
 0.         0.         0.         0.         0.         0.
 0.         0.         0.         0.         0.         0.
 0.         0.         0.         0.         0.         0.
 0.         0.         0.         0.         0.         0.
 0.         0.         0.         0.         0.         0.
 0.         0.         0.         0.         0.         0.
 0.         0.         0.         0.         0.         0.
 0.         0.         0.         0.         0.         0.
 0.         0.         0.         0.         0.         0.
 0.         0.         0.         0.         0.         0.
 0.         0.         0.         0.         0.         0.
 0.         0.         0.         0.        ]
(10000, 784)
/Users/thoufik.m/Library/Python/3.9/lib/python/site-packages/keras/src/layers/core/dense.py:87: UserWarning: Do not pass an `input_shape`/`input_dim` argument to a layer. When using Sequential models, prefer using an `Input(shape)` object as the first layer in the model instead.
  super().__init__(activity_regularizer=activity_regularizer, **kwargs)
Epoch 1/5
1875/1875 ━━━━━━━━━━━━━━━━━━━━ 1s 526us/step - accuracy: 0.8095 - loss: 0.7182  Epoch 2/5
1875/1875 ━━━━━━━━━━━━━━━━━━━━ 1s 518us/step - accuracy: 0.9117 - loss: 0.3164
Epoch 3/5
1875/1875 ━━━━━━━━━━━━━━━━━━━━ 1s 534us/step - accuracy: 0.9215 - loss: 0.2803
Epoch 4/5
1875/1875 ━━━━━━━━━━━━━━━━━━━━ 1s 518us/step - accuracy: 0.9234 - loss: 0.2728
Epoch 5/5
1875/1875 ━━━━━━━━━━━━━━━━━━━━ 1s 518us/step - accuracy: 0.9249 - loss: 0.2700
313/313 ━━━━━━━━━━━━━━━━━━━━ 0s 495us/step - accuracy: 0.9168 - loss: 0.3034
313/313 ━━━━━━━━━━━━━━━━━━━━ 0s 546us/step
[1.9164391e-02 2.1333555e-07 5.5267129e-02 9.5305538e-01 1.8179623e-03
 1.3227031e-01 1.6516833e-06 9.9978155e-01 7.8649707e-02 6.6861564e-01]
7
C02G9689MD6M:documents thoufik.m$ 
